1739062142679 27.52227783203125 0
1739062152981 42.49165725708008 1
1739062161059 45.389808654785156 2
1739062169575 47.16082763671875 3
1739062177895 48.309326171875 4
1739062186975 49.07457733154297 5
1739062198237 49.50043487548828 6
1739062207753 49.82596206665039 7
1739062216651 50.00205612182617 8
1739062225519 50.2161750793457 9
1739062234708 50.414825439453125 10
1739062244931 50.58081817626953 11
1739062253970 50.620849609375 12
1739062262654 50.599639892578125 13
1739062271082 50.62251281738281 14
1739062279908 50.65324401855469 15
1739062291302 50.6011848449707 16
1739062300383 50.54583740234375 17
1739062309203 50.42441940307617 18
1739062318046 50.37664031982422 19
1739062326615 50.256370544433594 20
