1739062142674 0.7042039036750793 0
1739062152972 0.7020500898361206 1
1739062161056 0.7008066773414612 2
1739062169569 0.6974644064903259 3
1739062177891 0.6940764784812927 4
1739062186969 0.6912326812744141 5
1739062198232 0.68927001953125 6
1739062207744 0.6880127191543579 7
1739062216647 0.6871763467788696 8
1739062225515 0.6864562034606934 9
1739062234700 0.6861250400543213 10
1739062244927 0.6857540607452393 11
1739062253965 0.6855683922767639 12
1739062262648 0.6854487657546997 13
1739062271078 0.6853768825531006 14
1739062279903 0.6850513815879822 15
1739062291294 0.6850591897964478 16
1739062300377 0.6849870681762695 17
1739062309197 0.6849522590637207 18
1739062318041 0.6850621104240417 19
1739062326610 0.6851634979248047 20
