1739062142685 8.913408756256104 0
1739062152988 8.276525974273682 1
1739062161064 8.063111066818237 2
1739062169580 8.502564907073975 3
1739062177901 8.308341026306152 4
1739062186980 9.063256740570068 5
1739062198243 9.155110120773315 6
1739062207762 9.498077154159546 7
1739062216659 8.878751039505005 8
1739062225524 8.852956295013428 9
1739062234714 9.172224044799805 10
1739062244939 8.252846002578735 11
1739062253975 9.023010730743408 12
1739062262662 8.669786930084229 13
1739062271090 8.410510063171387 14
1739062279915 8.810142040252686 15
1739062291309 9.284255027770996 16
1739062300391 9.064692974090576 17
1739062309211 8.802592992782593 18
1739062318051 8.827753067016602 19
1739062326620 8.55607795715332 20
