1739062142682 0.7227570414543152 0
1739062152986 0.7215282917022705 1
1739062161062 0.7186381220817566 2
1739062169578 0.7163659334182739 3
1739062177899 0.714489221572876 4
1739062186978 0.7128650546073914 5
1739062198240 0.7114117741584778 6
1739062207756 0.7101224660873413 7
1739062216657 0.7089412212371826 8
1739062225522 0.7078477740287781 9
1739062234711 0.7068117260932922 10
1739062244937 0.7058410048484802 11
1739062253972 0.7049381732940674 12
1739062262657 0.7040792107582092 13
1739062271087 0.7032764554023743 14
1739062279913 0.7025362849235535 15
1739062291306 0.7018438577651978 16
1739062300389 0.7011871337890625 17
1739062309208 0.7005808353424072 18
1739062318049 0.7000159621238708 19
1739062326618 0.6994880437850952 20
