1739015600283 31.78558349609375 0
1739015611472 31.099445343017578 1
1739015621255 28.11960792541504 2
1739015631300 33.12356185913086 3
1739015641840 37.13124465942383 4
1739015652465 39.94089889526367 5
1739015667038 41.83087921142578 6
1739015678738 43.19862365722656 7
1739015689686 44.16660690307617 8
1739015700816 45.06343078613281 9
1739015711773 45.66127014160156 10
1739015724981 46.314205169677734 11
1739015735400 46.742733001708984 12
1739015745606 47.168968200683594 13
1739015755933 47.54075241088867 14
1739015766486 47.8476676940918 15
1739015779580 48.117374420166016 16
