1739015600279 0.7005536556243896 0
1739015611468 0.6994664669036865 1
1739015621251 0.6992446184158325 2
1739015631295 0.6987147331237793 3
1739015641835 0.6972010135650635 4
1739015652460 0.6958324909210205 5
1739015667033 0.6950722932815552 6
1739015678733 0.6944568157196045 7
1739015689681 0.6941654682159424 8
1739015700811 0.6936867833137512 9
1739015711769 0.6935156583786011 10
1739015724976 0.6933472156524658 11
1739015735395 0.6932415962219238 12
1739015745601 0.692971408367157 13
1739015755928 0.6928231716156006 14
1739015766481 0.6928136348724365 15
1739015779575 0.6927032470703125 16
