1739015600290 8.917840957641602 0
1739015611478 8.908543825149536 1
1739015621261 9.769968748092651 2
1739015631307 10.030699014663696 3
1739015641847 10.524826049804688 4
1739015652472 10.608968019485474 5
1739015667045 11.771605968475342 6
1739015678746 11.683899164199829 7
1739015689693 10.931601762771606 8
1739015700824 11.115183115005493 9
1739015711781 10.941264867782593 10
1739015724989 10.762136936187744 11
1739015735407 10.402102947235107 12
1739015745614 10.191256999969482 13
1739015755941 10.311156988143921 14
1739015766494 10.536545038223267 15
1739015779587 10.683597087860107 16
