1739015600287 0.700156033039093 0
1739015611475 0.6962617635726929 1
1739015621258 0.6931302547454834 2
1739015631303 0.690818190574646 3
1739015641844 0.6889256238937378 4
1739015652469 0.6872450709342957 5
1739015667042 0.6855894327163696 6
1739015678742 0.6837945580482483 7
1739015689689 0.6820241212844849 8
1739015700820 0.6800968050956726 9
1739015711777 0.6782026886940002 10
1739015724985 0.6764170527458191 11
1739015735403 0.6747766733169556 12
1739015745610 0.6733083128929138 13
1739015755937 0.6720018982887268 14
1739015766490 0.67083740234375 15
1739015779584 0.6697997450828552 16
