1739015341082 45.0714111328125 0
1739015350138 47.6776123046875 1
1739015357948 50.25319290161133 2
1739015365671 53.51164245605469 3
1739015373792 55.01905822753906 4
1739015381662 55.664642333984375 5
1739015391695 57.339393615722656 6
1739015400000 57.726402282714844 7
1739015408424 58.395503997802734 8
1739015416886 58.78165817260742 9
1739015425802 58.70470428466797 10
1739015436064 58.05231475830078 11
1739015444421 57.03219223022461 12
1739015452727 55.8818473815918 13
1739015460990 54.68539047241211 14
1739015469354 53.79288101196289 15
1739015479651 52.823917388916016 16
1739015488918 52.42684555053711 17
1739015497946 51.89812088012695 18
1739015507372 51.30921173095703 19
1739015517008 50.73303985595703 20
1739015529664 50.307430267333984 21
1739015540505 49.743534088134766 22
1739015551666 49.270015716552734 23
1739015563028 48.9110221862793 24
1739015573901 48.31889343261719 25
