1739015341079 0.6947113275527954 0
1739015350135 0.6941609382629395 1
1739015357945 0.6930433511734009 2
1739015365668 0.6902017593383789 3
1739015373789 0.6863695383071899 4
1739015381658 0.6830296516418457 5
1739015391691 0.6807475090026855 6
1739015399996 0.6796461939811707 7
1739015408421 0.6793052554130554 8
1739015416882 0.6797078847885132 9
1739015425798 0.6805572509765625 10
1739015436060 0.6814996600151062 11
1739015444417 0.6823974847793579 12
1739015452723 0.6831976175308228 13
1739015460986 0.6838963031768799 14
1739015469351 0.6845055222511292 15
1739015479647 0.6850535273551941 16
1739015488914 0.6855161190032959 17
1739015497941 0.6859341859817505 18
1739015507368 0.6863207221031189 19
1739015517004 0.6866859197616577 20
1739015529653 0.687008261680603 21
1739015540500 0.6873419284820557 22
1739015551660 0.6876427531242371 23
1739015563022 0.6879281997680664 24
1739015573896 0.6882047057151794 25
