1739015341087 8.257011890411377 0
1739015350142 7.289459943771362 1
1739015357953 7.800085067749023 2
1739015365675 7.712951898574829 3
1739015373797 8.110914945602417 4
1739015381666 7.858875751495361 5
1739015391700 8.146201133728027 6
1739015400005 8.294289827346802 7
1739015408429 8.413419961929321 8
1739015416891 8.451181650161743 9
1739015425807 8.904216051101685 10
1739015436068 8.32819128036499 11
1739015444426 8.346162796020508 12
1739015452732 8.295148849487305 13
1739015460995 8.252207279205322 14
1739015469359 8.352885007858276 15
1739015479656 8.383452892303467 16
1739015488924 9.255259037017822 17
1739015497953 9.01512622833252 18
1739015507378 9.412584066390991 19
1739015517014 9.622586965560913 20
1739015529676 10.355534791946411 21
1739015540513 10.819338083267212 22
1739015551674 11.143427848815918 23
1739015563036 11.344363927841187 24
1739015573908 10.855909824371338 25
