1739015341084 0.7183824181556702 0
1739015350140 0.718341588973999 1
1739015357951 0.7152710556983948 2
1739015365673 0.7127282023429871 3
1739015373795 0.710491955280304 4
1739015381664 0.7085747718811035 5
1739015391697 0.7069627046585083 6
1739015400002 0.7056140899658203 7
1739015408426 0.7044503688812256 8
1739015416888 0.70344477891922 9
1739015425805 0.7025650143623352 10
1739015436066 0.7017837166786194 11
1739015444424 0.7010848522186279 12
1739015452729 0.7004496455192566 13
1739015460993 0.6998681426048279 14
1739015469357 0.699350893497467 15
1739015479654 0.6988699436187744 16
1739015488921 0.698432207107544 17
1739015497950 0.6980162858963013 18
1739015507375 0.697628915309906 19
1739015517011 0.6972701549530029 20
1739015529670 0.6969297528266907 21
1739015540509 0.6966137886047363 22
1739015551670 0.6963137984275818 23
1739015563032 0.6960485577583313 24
1739015573905 0.6957910060882568 25
